       9.6043444       9.5864697       9.5864697       9.5864697       9.3898478
       9.3898478       9.4970970       9.4970970       9.4970970       9.5685959
       9.4434719       9.4434719       9.4434719       9.2289753       9.2468510
       9.2289753       8.4782381       8.4782381       9.0323544       9.0323544
       9.8188410       9.8188410       9.8188410       9.8188410       9.8188410
       9.8188410       10.033338       10.033338       10.051212       10.051212
       9.3362246       9.3362246       9.2647257       9.2647257       9.6043444
       9.6043444       9.6043444       10.015464       10.015464       10.140586
       10.140586       10.122711       10.122711       10.122711       9.9082146
       10.122711       9.6579685       9.2826004       9.2826004       8.8357325
       8.8357325       8.8357325       8.8357325       8.8357325       8.8357325
       8.7999830       8.7999830       8.7463598       8.7642336       8.7463598
       8.7642336       8.7642336       8.7642336       8.7642336       8.7821083
       8.7821083       8.7821083       8.7821083       8.7999830       8.7821083
       8.7821083       8.7642336       8.7463598       8.7463598       8.7821083
       8.7821083       8.7821083       8.7999830       8.7999830       8.7999830
       8.7999830       8.7999830       8.7821083       8.7821083       8.7642336
       8.7642336       8.7463598       8.7642336       8.7463598       8.7284842
       8.7463598       8.7463598       8.7463598       8.7284842       8.7284842
       8.7284842       8.7106094       8.7106094       8.7463598       8.7463598
       8.7284842       8.7284842       8.7106094       8.7106094       8.7106094
       8.6748610       8.6748610       8.6748610       8.7106094       8.7106094
       8.6927347       8.6927347       8.6927347       8.6927347       8.7106094
       8.7106094       8.7106094
       9.5864697       9.5864697       9.3719730       9.3898478       9.3898478
       9.4970970       9.4970970       9.4970970       9.5685959       9.5685959
       9.4434719       9.4434719       9.2289753       9.2289753       8.4782381
       8.4603634       8.4782381       9.0323544       9.0323544       9.7115936
       9.8188410       9.8188410       9.8188410       9.8188410       9.8009672
       10.033338       10.033338       10.051212       10.051212       9.3362246
       9.3362246       9.2647257       9.2647257       9.6043444       9.6043444
       9.6043444       10.015464       10.015464       10.140586       10.140586
       10.122711       10.122711       10.122711       10.122711       9.6579685
       9.6579685       9.2826004       9.2826004       8.8357325       8.8357325
       8.8357325       8.8357325       8.8357325       8.8357325       8.7999830
       8.7999830       8.7463598       8.7642336       8.7463598       8.7642336
       8.7642336       8.7642336       8.7642336       8.7821083       8.7821083
       8.7821083       8.7821083       8.7999830       8.7821083       8.7821083
       8.7642336       8.7463598       8.7463598       8.7821083       8.7821083
       8.7821083       8.7999830       8.7999830       8.7999830       8.7999830
       8.7999830       8.7821083       8.7821083       8.7642336       8.7642336
       8.7463598       8.7642336       8.7463598       8.7284842       8.7463598
       8.7463598       8.7463598       8.7284842       8.7284842       8.7284842
       8.7106094       8.7106094       8.7463598       8.7463598       8.7284842
       8.7284842       8.7106094       8.7106094       8.7106094       8.6748610
       8.6748610       8.6748610       8.7106094       8.7106094       8.6927347
       8.6927347       8.6927347       8.6927347       8.7106094       8.7106094
       8.7106094       8.7106094
       7.9598713       8.7106094       8.7106094       8.7821083       9.3004742
       9.3004742       9.8367157       9.8367157       10.015464       10.015464
       10.176335       10.176335       10.301459       10.319334       10.319334
       10.265709       10.158462       10.158462       10.176335       10.176335
       10.337208       10.337208       10.122711       10.229960       10.069087
       10.086963       10.086963       10.033338       10.033338       10.033338
       9.9618387       9.7294683       9.4613466       8.9787302       8.9429808
       8.7642336       8.7642336       8.7642336       8.7642336       8.7642336
       8.7821083       8.7821083       8.7821083       8.7821083       8.7821083
       8.7999830       8.7463598       8.7463598       8.7106094       8.7106094
       8.7106094       8.7106094       8.7284842       8.7284842       8.7284842
       8.7284842       8.7106094       8.7284842       8.7284842       8.7463598
       8.7463598       8.7463598       8.7463598       8.7463598       8.7463598
       8.7821083       8.7642336       8.7821083       8.7821083       8.7821083
       8.7821083       8.7463598       8.7463598       8.7642336       8.7642336
       8.7463598       8.7463598       8.7284842       8.7284842       8.7463598
       8.7463598       8.7463598       8.7463598       8.7642336       8.7642336
       8.7642336       8.7642336       8.7642336       8.7642336       8.7463598
       8.7463598       8.7463598       8.7463598       8.7284842       8.7284842
       8.7106094       8.7106094       8.7284842       8.7284842       8.7284842
       8.7284842       8.7284842       8.7463598       8.7463598       8.7284842
       8.7284842       8.7284842       8.7642336       8.7642336       8.7463598
       8.7463598       8.7642336       8.7642336       8.7642336       8.7642336
       8.7642336       8.7642336
       8.7106094       8.9787302       8.9787302       9.3004742       9.8367157
       9.8367157       10.015464       10.015464       10.104836       10.104836
       10.301459       10.319334       10.265709       10.158462       10.158462
       10.158462       10.176335       10.176335       10.104836       9.9975882
       10.122711       10.229960       10.069087       10.086963       10.051212
       10.033338       10.033338       10.033338       9.9618387       9.7294683
       9.4613466       8.9787302       8.9429808       8.7642336       8.7642336
       8.7642336       8.7642336       8.7642336       8.7821083       8.7821083
       8.7821083       8.7821083       8.7999830       8.7284842       8.7463598
       8.7463598       8.7106094       8.7106094       8.7106094       8.7106094
       8.7284842       8.7284842       8.7284842       8.7284842       8.7106094
       8.7284842       8.7284842       8.7463598       8.7463598       8.7463598
       8.7463598       8.7463598       8.7463598       8.7642336       8.7642336
       8.7821083       8.7642336       8.7821083       8.7821083       8.7463598
       8.7463598       8.7642336       8.7642336       8.7463598       8.7463598
       8.7284842       8.7284842       8.7463598       8.7463598       8.7463598
       8.7463598       8.7642336       8.7642336       8.7642336       8.7642336
       8.7642336       8.7642336       8.7463598       8.7463598       8.7463598
       8.7463598       8.7284842       8.7284842       8.7106094       8.7106094
       8.7284842       8.7284842       8.7284842       8.7284842       8.7284842
       8.7463598       8.7463598       8.7284842       8.7284842       8.7463598
       8.7463598       8.7642336       8.7463598       8.7463598       8.7642336
       8.7642336       8.7642336       8.7642336       8.7642336       8.7642336
       8.7642336       8.7463598
       8.9787302       9.5864697       9.5864697       9.8367157       10.015464
       10.015464       10.104836       10.104836       10.104836       10.194210
       10.265709       10.158462       10.158462       10.265709       10.176335
       10.265709       10.104836       9.9975882       10.104836       10.051212
       10.069087       10.086963       10.051212       10.051212       9.9975882
       10.033338       9.9618387       9.7294683       9.4613466       8.9787302
       8.9429808       8.7642336       8.7642336       8.7642336       8.7642336
       8.7642336       8.7821083       8.7821083       8.7821083       8.7821083
       8.7999830       8.7284842       8.7463598       8.7284842       8.7106094
       8.7284842       8.7106094       8.7106094       8.7284842       8.7284842
       8.7284842       8.7284842       8.7106094       8.7284842       8.7284842
       8.7463598       8.7463598       8.7463598       8.7463598       8.7463598
       8.7463598       8.7642336       8.7642336       8.7642336       8.7642336
       8.7821083       8.7642336       8.7463598       8.7463598       8.7642336
       8.7642336       8.7463598       8.7463598       8.7284842       8.7284842
       8.7463598       8.7463598       8.7463598       8.7463598       8.7642336
       8.7642336       8.7642336       8.7642336       8.7642336       8.7463598
       8.7463598       8.7463598       8.7463598       8.7463598       8.7284842
       8.7284842       8.7106094       8.7106094       8.7284842       8.7284842
       8.7284842       8.7284842       8.7284842       8.7463598       8.7463598
       8.7284842       8.7284842       8.7463598       8.7463598       8.7284842
       8.7284842       8.7463598       8.7642336       8.7642336       8.7642336
       8.7642336       8.7642336       8.7642336       8.7642336       8.7463598
       8.7463598       8.7642336
       9.5864697       9.8367157       9.8367157       10.015464       10.104836
       10.104836       10.104836       10.194210       10.194210       10.265709
       10.158462       10.265709       10.265709       10.104836       9.9975882
       10.104836       10.104836       10.051212       9.9260902       9.9082146
       10.051212       10.051212       9.9975882       9.9975882       9.8188410
       9.7294683       9.4613466       8.9787302       8.9429808       8.7642336
       8.7642336       8.7642336       8.7642336       8.7642336       8.7821083
       8.7821083       8.7821083       8.7821083       8.7999830       8.7284842
       8.7463598       8.7284842       8.7284842       8.7106094       8.7106094
       8.7106094       8.7284842       8.7284842       8.7284842       8.7284842
       8.7106094       8.7284842       8.7284842       8.7463598       8.7463598
       8.7463598       8.7463598       8.7463598       8.7463598       8.7642336
       8.7642336       8.7642336       8.7642336       8.7642336       8.7642336
       8.7463598       8.7642336       8.7642336       8.7642336       8.7463598
       8.7463598       8.7284842       8.7284842       8.7463598       8.7463598
       8.7463598       8.7463598       8.7642336       8.7642336       8.7642336
       8.7642336       8.7642336       8.7463598       8.7463598       8.7463598
       8.7463598       8.7463598       8.7284842       8.7284842       8.7106094
       8.7106094       8.7284842       8.7284842       8.7284842       8.7284842
       8.7284842       8.7463598       8.7463598       8.7284842       8.7284842
       8.7463598       8.7463598       8.7284842       8.7284842       8.7642336
       8.7642336       8.7642336       8.7642336       8.7642336       8.7642336
       8.7642336       8.7642336       8.7463598       8.7463598       8.7642336
       8.7642336       8.7463598
       9.8367157       9.9975882       9.9975882       10.104836       10.104836
       10.194210       10.194210       10.265709       10.265709       10.426581
       10.265709       10.104836       10.104836       10.069087       10.051212
       10.104836       9.9260902       9.9082146       9.9082146       9.9439650
       9.9975882       9.9975882       9.8188410       9.8188410       9.4613466
       8.9787302       8.9429808       8.7642336       8.7642336       8.7642336
       8.7642336       8.7642336       8.7821083       8.7821083       8.7821083
       8.7821083       8.7999830       8.7284842       8.7463598       8.7284842
       8.7284842       8.7106094       8.7106094       8.7284842       8.7284842
       8.7284842       8.7284842       8.7284842       8.7106094       8.7284842
       8.7284842       8.7463598       8.7463598       8.7463598       8.7463598
       8.7463598       8.7463598       8.7642336       8.7642336       8.7642336
       8.7642336       8.7642336       8.7642336       8.7642336       8.7463598
       8.7642336       8.7463598       8.7463598       8.7463598       8.7284842
       8.7284842       8.7463598       8.7463598       8.7463598       8.7463598
       8.7642336       8.7642336       8.7642336       8.7642336       8.7642336
       8.7463598       8.7463598       8.7463598       8.7463598       8.7463598
       8.7463598       8.7284842       8.7106094       8.7106094       8.7284842
       8.7284842       8.7284842       8.7284842       8.7284842       8.7463598
       8.7463598       8.7284842       8.7284842       8.7463598       8.7463598
       8.7284842       8.7284842       8.7642336       8.7642336       8.7463598
       8.7463598       8.7642336       8.7642336       8.7642336       8.7642336
       8.7463598       8.7463598       8.7642336       8.7642336       8.7463598
       8.7463598       8.7463598
       10.265709       10.104836       10.104836       9.9975882       10.104836
       10.051212       9.9260902       9.9082146       9.9082146       9.9439650
       10.051212       10.051212       9.9975882       9.9975882       9.7294683
       9.8188410       9.4613466       8.9787302       8.9429808       8.7642336
       8.7284842       8.7284842       8.7106094       8.7106094       8.7284842
       8.7284842       8.7284842       8.7284842       8.7284842       8.7106094
       8.7284842       8.7284842       8.7463598       8.7463598       8.7463598
       8.7463598       8.7463598       8.7463598       8.7642336       8.7642336
       8.7642336       8.7642336       8.7642336       8.7642336       8.7463598
       8.7642336       8.7642336       8.7642336       8.7463598       8.7463598
       8.7284842       8.7284842       8.7463598       8.7463598       8.7463598
       8.7463598       8.7642336       8.7642336       8.7642336       8.7642336
       8.7642336       8.7463598       8.7463598       8.7463598       8.7463598
       8.7284842       8.7463598       8.7284842       8.7106094       8.7106094
       8.7284842       8.7284842       8.7284842       8.7284842       8.7284842
       8.7463598       8.7463598       8.7284842       8.7284842       8.7463598
       8.7463598       8.7284842       8.7284842       8.7642336       8.7642336
       8.7463598       8.7642336       8.7642336       8.7642336       8.7642336
       8.7642336       8.7463598       8.7463598       8.7642336       8.7642336
       8.7463598       8.7463598       8.7463598       8.7463598       8.7284842
       8.7284842       8.7463598       8.7463598       8.7284842       8.7284842
       8.7106094       8.7284842       8.7284842       8.7284842       8.7106094
       8.7106094       8.7106094       8.7106094       8.7284842       8.7284842
       8.7284842       8.7284842
       10.104836       10.104836       10.069087       10.104836       10.051212
       9.9260902       9.9082146       9.9082146       9.9439650       9.9439650
       10.051212       9.9975882       9.9975882       9.8188410       9.4613466
       9.8188410       8.9787302       8.9429808       8.7642336       8.7642336
       8.7284842       8.7106094       8.7106094       8.7284842       8.7284842
       8.7284842       8.7284842       8.7284842       8.7106094       8.7284842
       8.7284842       8.7463598       8.7463598       8.7463598       8.7463598
       8.7463598       8.7463598       8.7642336       8.7642336       8.7642336
       8.7642336       8.7642336       8.7642336       8.7642336       8.7642336
       8.7463598       8.7642336       8.7463598       8.7463598       8.7284842
       8.7284842       8.7463598       8.7463598       8.7463598       8.7463598
       8.7642336       8.7642336       8.7642336       8.7642336       8.7642336
       8.7463598       8.7463598       8.7463598       8.7463598       8.7463598
       8.7284842       8.7463598       8.7106094       8.7106094       8.7284842
       8.7284842       8.7284842       8.7284842       8.7284842       8.7463598
       8.7463598       8.7284842       8.7284842       8.7463598       8.7463598
       8.7284842       8.7284842       8.7642336       8.7642336       8.7463598
       8.7463598       8.7642336       8.7642336       8.7642336       8.7642336
       8.7463598       8.7463598       8.7642336       8.7642336       8.7463598
       8.7463598       8.7463598       8.7463598       8.7284842       8.7284842
       8.7463598       8.7463598       8.7284842       8.7284842       8.7106094
       8.7106094       8.7284842       8.7284842       8.7106094       8.7106094
       8.7106094       8.7106094       8.7284842       8.7284842       8.7284842
       8.7284842       8.7284842
       10.104836       9.9797134       9.9260902       9.9082146       9.9082146
       9.9439650       9.9439650       10.140586       10.140586       10.337208
       9.8188410       9.8188410       9.4613466       9.3183489       8.7642336
       8.9429808       8.7642336       8.7642336       8.7642336       8.7642336
       8.7284842       8.7284842       8.7284842       8.7284842       8.7284842
       8.7106094       8.7284842       8.7284842       8.7463598       8.7463598
       8.7463598       8.7463598       8.7463598       8.7463598       8.7642336
       8.7642336       8.7642336       8.7642336       8.7642336       8.7642336
       8.7642336       8.7463598       8.7463598       8.7463598       8.7463598
       8.7463598       8.7284842       8.7284842       8.7463598       8.7463598
       8.7463598       8.7463598       8.7642336       8.7642336       8.7642336
       8.7642336       8.7642336       8.7463598       8.7463598       8.7463598
       8.7463598       8.7463598       8.7463598       8.7106094       8.7106094
       8.7284842       8.7284842       8.7284842       8.7284842       8.7284842
       8.7284842       8.7463598       8.7463598       8.7284842       8.7284842
       8.7463598       8.7463598       8.7284842       8.7284842       8.7642336
       8.7642336       8.7463598       8.7463598       8.7642336       8.7642336
       8.7463598       8.7642336       8.7463598       8.7463598       8.7642336
       8.7642336       8.7463598       8.7463598       8.7463598       8.7463598
       8.7284842       8.7284842       8.7463598       8.7463598       8.7284842
       8.7284842       8.7106094       8.7106094       8.7284842       8.7284842
       8.7284842       8.7106094       8.7106094       8.7106094       8.7284842
       8.7284842       8.7284842       8.7284842       8.7284842       8.7284842
       8.7463598       8.7463598
       9.6043444       9.6043444       9.5864697       9.5864697       9.5864697
       9.3898478       9.3898478       9.4970970       9.4970970       9.4970970
       9.4792223       9.4434719       9.4434719       9.4434719       9.2468510
       9.2289753       9.2468510       8.4782381       8.4782381       9.0323544
       9.8367157       9.8188410       9.8188410       9.8188410       9.8188410
       9.8188410       9.8188410       10.033338       10.033338       10.051212
       10.051212       9.3362246       9.3362246       9.2647257       9.2647257
       9.6043444       9.6043444       9.6043444       10.015464       10.015464
       10.140586       10.140586       10.122711       10.122711       9.9082146
       10.122711       9.9082146       9.6579685       9.2826004       9.2826004
       8.8357325       8.8357325       8.8357325       8.8357325       8.8357325
       8.8357325       8.7999830       8.7999830       8.7463598       8.7642336
       8.7463598       8.7642336       8.7642336       8.7642336       8.7642336
       8.7821083       8.7821083       8.7821083       8.7821083       8.7999830
       8.7821083       8.7821083       8.7642336       8.7463598       8.7463598
       8.7821083       8.7821083       8.7821083       8.7999830       8.7999830
       8.7999830       8.7999830       8.7999830       8.7821083       8.7821083
       8.7642336       8.7463598       8.7463598       8.7642336       8.7463598
       8.7284842       8.7463598       8.7463598       8.7463598       8.7284842
       8.7284842       8.7284842       8.7106094       8.7106094       8.7463598
       8.7463598       8.7284842       8.7284842       8.7106094       8.7106094
       8.7106094       8.7106094       8.6748610       8.6748610       8.7106094
       8.7106094       8.6927347       8.6927347       8.6927347       8.6927347
       8.7106094       8.7106094
       8.7106094       8.7106094       8.9787302       9.3004742       9.3004742
       9.8367157       9.8367157       10.015464       10.015464       10.104836
       10.176335       10.301459       10.319334       10.265709       10.158462
       10.158462       10.158462       10.176335       10.176335       10.104836
       10.337208       10.122711       10.229960       10.069087       10.086963
       10.086963       10.033338       10.033338       10.033338       9.9618387
       9.7294683       9.4613466       8.9787302       8.9429808       8.7642336
       8.7642336       8.7642336       8.7642336       8.7642336       8.7821083
       8.7821083       8.7821083       8.7821083       8.7999830       8.7463598
       8.7284842       8.7463598       8.7106094       8.7106094       8.7106094
       8.7106094       8.7284842       8.7284842       8.7284842       8.7284842
       8.7106094       8.7284842       8.7284842       8.7463598       8.7463598
       8.7463598       8.7463598       8.7463598       8.7463598       8.7642336
       8.7821083       8.7642336       8.7821083       8.7821083       8.7821083
       8.7463598       8.7463598       8.7642336       8.7642336       8.7463598
       8.7463598       8.7284842       8.7284842       8.7463598       8.7463598
       8.7463598       8.7463598       8.7642336       8.7642336       8.7642336
       8.7642336       8.7642336       8.7642336       8.7463598       8.7463598
       8.7463598       8.7463598       8.7284842       8.7284842       8.7106094
       8.7106094       8.7284842       8.7284842       8.7284842       8.7284842
       8.7284842       8.7463598       8.7463598       8.7284842       8.7284842
       8.7463598       8.7642336       8.7642336       8.7463598       8.7463598
       8.7642336       8.7642336       8.7642336       8.7642336       8.7642336
       8.7642336       8.7642336
       8.9787302       8.9787302       9.5864697       9.8367157       9.8367157
       10.015464       10.015464       10.104836       10.104836       10.104836
       10.319334       10.265709       10.158462       10.158462       10.176335
       10.265709       10.176335       10.104836       9.9975882       10.104836
       10.229960       10.069087       10.086963       10.051212       10.051212
       10.033338       10.033338       9.9618387       9.7294683       9.4613466
       8.9787302       8.9429808       8.7642336       8.7642336       8.7642336
       8.7642336       8.7642336       8.7821083       8.7821083       8.7821083
       8.7821083       8.7999830       8.7284842       8.7463598       8.7106094
       8.7284842       8.7106094       8.7106094       8.7106094       8.7284842
       8.7284842       8.7284842       8.7284842       8.7106094       8.7284842
       8.7284842       8.7463598       8.7463598       8.7463598       8.7463598
       8.7463598       8.7463598       8.7642336       8.7642336       8.7642336
       8.7821083       8.7642336       8.7821083       8.7463598       8.7463598
       8.7642336       8.7642336       8.7463598       8.7463598       8.7284842
       8.7284842       8.7463598       8.7463598       8.7463598       8.7463598
       8.7642336       8.7642336       8.7642336       8.7642336       8.7642336
       8.7463598       8.7463598       8.7463598       8.7463598       8.7463598
       8.7284842       8.7284842       8.7106094       8.7106094       8.7284842
       8.7284842       8.7284842       8.7284842       8.7284842       8.7463598
       8.7463598       8.7284842       8.7284842       8.7463598       8.7463598
       8.7284842       8.7463598       8.7463598       8.7642336       8.7642336
       8.7642336       8.7642336       8.7642336       8.7642336       8.7642336
       8.7463598       8.7463598
       9.5864697       9.5864697       9.8367157       10.015464       10.015464
       10.104836       10.104836       10.104836       10.194210       10.194210
       10.158462       10.158462       10.265709       10.265709       10.104836
       10.104836       9.9975882       10.104836       10.051212       9.9260902
       10.086963       10.051212       10.051212       9.9975882       9.9975882
       9.9618387       9.7294683       9.4613466       8.9787302       8.9429808
       8.7642336       8.7642336       8.7642336       8.7642336       8.7642336
       8.7821083       8.7821083       8.7821083       8.7821083       8.7999830
       8.7284842       8.7463598       8.7284842       8.7284842       8.7106094
       8.7106094       8.7106094       8.7284842       8.7284842       8.7284842
       8.7284842       8.7106094       8.7284842       8.7284842       8.7463598
       8.7463598       8.7463598       8.7463598       8.7463598       8.7463598
       8.7642336       8.7642336       8.7642336       8.7642336       8.7642336
       8.7463598       8.7642336       8.7463598       8.7642336       8.7642336
       8.7463598       8.7463598       8.7284842       8.7284842       8.7463598
       8.7463598       8.7463598       8.7463598       8.7642336       8.7642336
       8.7642336       8.7642336       8.7642336       8.7463598       8.7463598
       8.7463598       8.7463598       8.7463598       8.7284842       8.7284842
       8.7106094       8.7106094       8.7284842       8.7284842       8.7284842
       8.7284842       8.7284842       8.7463598       8.7463598       8.7284842
       8.7284842       8.7463598       8.7463598       8.7284842       8.7284842
       8.7642336       8.7642336       8.7642336       8.7642336       8.7642336
       8.7642336       8.7642336       8.7642336       8.7463598       8.7463598
       8.7642336       8.7642336
       9.8367157       9.8367157       9.9975882       10.104836       10.104836
       10.104836       10.194210       10.194210       10.265709       10.265709
       10.265709       10.265709       10.104836       10.104836       10.104836
       10.069087       10.051212       9.9260902       9.9082146       9.9082146
       10.051212       9.9975882       9.9975882       9.8188410       9.8188410
       9.4613466       8.9787302       8.9429808       8.7642336       8.7642336
       8.7642336       8.7642336       8.7642336       8.7821083       8.7821083
       8.7821083       8.7821083       8.7999830       8.7284842       8.7463598
       8.7284842       8.7284842       8.7106094       8.7106094       8.7284842
       8.7284842       8.7284842       8.7284842       8.7284842       8.7106094
       8.7284842       8.7284842       8.7463598       8.7463598       8.7463598
       8.7463598       8.7463598       8.7463598       8.7642336       8.7642336
       8.7642336       8.7642336       8.7642336       8.7642336       8.7642336
       8.7642336       8.7463598       8.7642336       8.7463598       8.7463598
       8.7284842       8.7284842       8.7463598       8.7463598       8.7463598
       8.7463598       8.7642336       8.7642336       8.7642336       8.7642336
       8.7642336       8.7463598       8.7463598       8.7463598       8.7463598
       8.7463598       8.7284842       8.7284842       8.7106094       8.7106094
       8.7284842       8.7284842       8.7284842       8.7284842       8.7284842
       8.7463598       8.7463598       8.7284842       8.7284842       8.7463598
       8.7463598       8.7284842       8.7284842       8.7642336       8.7642336
       8.7463598       8.7642336       8.7642336       8.7642336       8.7642336
       8.7642336       8.7463598       8.7463598       8.7642336       8.7642336
       8.7463598       8.7463598
       9.9975882       9.9975882       10.033338       10.104836       10.194210
       10.194210       10.265709       10.265709       10.426581       10.426581
       10.104836       10.104836       10.069087       10.104836       9.9260902
       9.9797134       9.9082146       9.9082146       9.9439650       9.9439650
       9.9975882       9.8188410       9.8188410       9.4613466       9.3183489
       8.9429808       8.7642336       8.7642336       8.7642336       8.7642336
       8.7642336       8.7821083       8.7821083       8.7821083       8.7821083
       8.7999830       8.7284842       8.7463598       8.7284842       8.7284842
       8.7106094       8.7106094       8.7284842       8.7284842       8.7284842
       8.7284842       8.7284842       8.7106094       8.7284842       8.7284842
       8.7463598       8.7463598       8.7463598       8.7463598       8.7463598
       8.7463598       8.7642336       8.7642336       8.7642336       8.7642336
       8.7642336       8.7642336       8.7642336       8.7463598       8.7463598
       8.7463598       8.7463598       8.7463598       8.7284842       8.7284842
       8.7463598       8.7463598       8.7463598       8.7463598       8.7642336
       8.7642336       8.7642336       8.7642336       8.7642336       8.7463598
       8.7463598       8.7463598       8.7463598       8.7463598       8.7463598
       8.7106094       8.7106094       8.7106094       8.7284842       8.7284842
       8.7284842       8.7284842       8.7284842       8.7463598       8.7463598
       8.7284842       8.7284842       8.7463598       8.7463598       8.7284842
       8.7284842       8.7642336       8.7642336       8.7463598       8.7463598
       8.7642336       8.7642336       8.7642336       8.7642336       8.7463598
       8.7463598       8.7642336       8.7642336       8.7463598       8.7463598
       8.7463598       8.7463598
       9.9975882       10.033338       10.033338       10.194210       10.194210
       10.265709       10.265709       10.426581       10.426581       10.176335
       10.104836       10.069087       10.104836       9.9797134       9.9082146
       9.9260902       9.9082146       9.9439650       9.9439650       10.140586
       9.8188410       9.8188410       9.4613466       9.3183489       8.9429808
       8.7642336       8.7642336       8.7642336       8.7642336       8.7642336
       8.7821083       8.7821083       8.7821083       8.7821083       8.7999830
       8.7284842       8.7463598       8.7284842       8.7284842       8.7106094
       8.7106094       8.7284842       8.7284842       8.7284842       8.7284842
       8.7284842       8.7106094       8.7284842       8.7284842       8.7463598
       8.7463598       8.7463598       8.7463598       8.7463598       8.7463598
       8.7642336       8.7642336       8.7642336       8.7642336       8.7642336
       8.7642336       8.7642336       8.7463598       8.7463598       8.7463598
       8.7463598       8.7463598       8.7284842       8.7284842       8.7463598
       8.7463598       8.7463598       8.7463598       8.7642336       8.7642336
       8.7642336       8.7642336       8.7642336       8.7463598       8.7463598
       8.7463598       8.7463598       8.7463598       8.7463598       8.7106094
       8.7106094       8.7106094       8.7284842       8.7284842       8.7284842
       8.7284842       8.7284842       8.7463598       8.7463598       8.7284842
       8.7284842       8.7463598       8.7463598       8.7284842       8.7284842
       8.7642336       8.7642336       8.7463598       8.7463598       8.7642336
       8.7642336       8.7642336       8.7642336       8.7463598       8.7463598
       8.7642336       8.7642336       8.7463598       8.7463598       8.7463598
       8.7463598       8.7284842
       10.104836       10.069087       10.104836       10.051212       9.9260902
       9.9082146       9.9082146       9.9439650       9.9439650       10.140586
       9.9975882       9.9975882       9.8188410       9.8188410       8.9787302
       9.4613466       8.9429808       8.7642336       8.7642336       8.7642336
       8.7106094       8.7106094       8.7284842       8.7284842       8.7284842
       8.7284842       8.7284842       8.7106094       8.7284842       8.7284842
       8.7463598       8.7463598       8.7463598       8.7463598       8.7463598
       8.7463598       8.7642336       8.7642336       8.7642336       8.7642336
       8.7642336       8.7642336       8.7642336       8.7463598       8.7642336
       8.7463598       8.7463598       8.7463598       8.7284842       8.7284842
       8.7463598       8.7463598       8.7463598       8.7463598       8.7642336
       8.7642336       8.7642336       8.7642336       8.7642336       8.7463598
       8.7463598       8.7463598       8.7463598       8.7463598       8.7463598
       8.7106094       8.7106094       8.7106094       8.7284842       8.7284842
       8.7284842       8.7284842       8.7284842       8.7463598       8.7463598
       8.7284842       8.7284842       8.7463598       8.7463598       8.7284842
       8.7284842       8.7642336       8.7642336       8.7463598       8.7463598
       8.7642336       8.7642336       8.7642336       8.7642336       8.7463598
       8.7463598       8.7642336       8.7642336       8.7463598       8.7463598
       8.7463598       8.7463598       8.7284842       8.7284842       8.7463598
       8.7463598       8.7284842       8.7284842       8.7106094       8.7106094
       8.7284842       8.7284842       8.7106094       8.7106094       8.7106094
       8.7106094       8.7284842       8.7284842       8.7284842       8.7284842
       8.7284842       8.7284842
       10.069087       10.104836       9.9797134       9.9260902       9.9082146
       9.9082146       9.9439650       9.9439650       10.140586       10.140586
       9.9975882       9.8188410       9.8188410       9.4613466       8.9429808
       9.3183489       8.7642336       8.7642336       8.7642336       8.7642336
       8.7106094       8.7284842       8.7284842       8.7284842       8.7284842
       8.7284842       8.7106094       8.7284842       8.7284842       8.7463598
       8.7463598       8.7463598       8.7463598       8.7463598       8.7463598
       8.7642336       8.7642336       8.7642336       8.7642336       8.7642336
       8.7642336       8.7642336       8.7463598       8.7463598       8.7463598
       8.7463598       8.7463598       8.7284842       8.7284842       8.7463598
       8.7463598       8.7463598       8.7463598       8.7642336       8.7642336
       8.7642336       8.7642336       8.7642336       8.7463598       8.7463598
       8.7463598       8.7463598       8.7463598       8.7463598       8.7106094
       8.7106094       8.7106094       8.7284842       8.7284842       8.7284842
       8.7284842       8.7284842       8.7463598       8.7463598       8.7284842
       8.7284842       8.7463598       8.7463598       8.7284842       8.7284842
       8.7642336       8.7642336       8.7463598       8.7463598       8.7642336
       8.7642336       8.7642336       8.7642336       8.7463598       8.7463598
       8.7642336       8.7642336       8.7463598       8.7463598       8.7463598
       8.7463598       8.7284842       8.7284842       8.7463598       8.7463598
       8.7284842       8.7284842       8.7106094       8.7106094       8.7284842
       8.7284842       8.7106094       8.7106094       8.7106094       8.7106094
       8.7284842       8.7284842       8.7284842       8.7284842       8.7284842
       8.7284842       8.7463598
       9.6043444       9.6043444       9.5864697       9.5864697       9.5864697
       9.3898478       9.3898478       9.4970970       9.4970970       9.4970970
       9.4792223       9.4434719       9.4434719       9.4434719       9.2468510
       9.2289753       9.2468510       8.4782381       8.4782381       9.0323544
       9.8367157       9.8188410       9.8188410       9.8188410       9.8188410
       9.8188410       9.8188410       10.033338       10.033338       10.051212
       10.051212       9.3362246       9.3362246       9.2647257       9.2647257
       9.6043444       9.6043444       9.6043444       10.015464       10.015464
       10.140586       10.140586       10.122711       10.122711       9.9082146
       10.122711       9.9082146       9.6579685       9.2826004       9.2826004
       8.8357325       8.8357325       8.8357325       8.8357325       8.8357325
       8.8357325       8.7999830       8.7999830       8.7463598       8.7642336
       8.7463598       8.7642336       8.7642336       8.7642336       8.7642336
       8.7821083       8.7821083       8.7821083       8.7821083       8.7999830
       8.7821083       8.7821083       8.7642336       8.7463598       8.7463598
       8.7821083       8.7821083       8.7821083       8.7999830       8.7999830
       8.7999830       8.7999830       8.7999830       8.7821083       8.7821083
       8.7642336       8.7463598       8.7463598       8.7642336       8.7463598
       8.7284842       8.7463598       8.7463598       8.7463598       8.7284842
       8.7284842       8.7284842       8.7106094       8.7106094       8.7463598
       8.7463598       8.7284842       8.7284842       8.7106094       8.7106094
       8.7106094       8.7106094       8.6748610       8.6748610       8.7106094
       8.7106094       8.6927347       8.6927347       8.6927347       8.6927347
       8.7106094       8.7106094
       8.7106094       8.7106094       8.9787302       9.3004742       9.3004742
       9.8367157       9.8367157       10.015464       10.015464       10.104836
       10.176335       10.301459       10.319334       10.265709       10.158462
       10.158462       10.158462       10.176335       10.176335       10.104836
       10.337208       10.122711       10.229960       10.069087       10.086963
       10.086963       10.033338       10.033338       10.033338       9.9618387
       9.7294683       9.4613466       8.9787302       8.9429808       8.7642336
       8.7642336       8.7642336       8.7642336       8.7642336       8.7821083
       8.7821083       8.7821083       8.7821083       8.7999830       8.7463598
       8.7284842       8.7463598       8.7106094       8.7106094       8.7106094
       8.7106094       8.7284842       8.7284842       8.7284842       8.7284842
       8.7106094       8.7284842       8.7284842       8.7463598       8.7463598
       8.7463598       8.7463598       8.7463598       8.7463598       8.7642336
       8.7821083       8.7642336       8.7821083       8.7821083       8.7821083
       8.7463598       8.7463598       8.7642336       8.7642336       8.7463598
       8.7463598       8.7284842       8.7284842       8.7463598       8.7463598
       8.7463598       8.7463598       8.7642336       8.7642336       8.7642336
       8.7642336       8.7642336       8.7642336       8.7463598       8.7463598
       8.7463598       8.7463598       8.7284842       8.7284842       8.7106094
       8.7106094       8.7284842       8.7284842       8.7284842       8.7284842
       8.7284842       8.7463598       8.7463598       8.7284842       8.7284842
       8.7463598       8.7642336       8.7642336       8.7463598       8.7463598
       8.7642336       8.7642336       8.7642336       8.7642336       8.7642336
       8.7642336       8.7642336
       8.9787302       8.9787302       9.5864697       9.8367157       9.8367157
       10.015464       10.015464       10.104836       10.104836       10.104836
       10.319334       10.265709       10.158462       10.158462       10.176335
       10.265709       10.176335       10.104836       9.9975882       10.104836
       10.229960       10.069087       10.086963       10.051212       10.051212
       10.033338       10.033338       9.9618387       9.7294683       9.4613466
       8.9787302       8.9429808       8.7642336       8.7642336       8.7642336
       8.7642336       8.7642336       8.7821083       8.7821083       8.7821083
       8.7821083       8.7999830       8.7284842       8.7463598       8.7106094
       8.7284842       8.7106094       8.7106094       8.7106094       8.7284842
       8.7284842       8.7284842       8.7284842       8.7106094       8.7284842
       8.7284842       8.7463598       8.7463598       8.7463598       8.7463598
       8.7463598       8.7463598       8.7642336       8.7642336       8.7642336
       8.7821083       8.7642336       8.7821083       8.7463598       8.7463598
       8.7642336       8.7642336       8.7463598       8.7463598       8.7284842
       8.7284842       8.7463598       8.7463598       8.7463598       8.7463598
       8.7642336       8.7642336       8.7642336       8.7642336       8.7642336
       8.7463598       8.7463598       8.7463598       8.7463598       8.7463598
       8.7284842       8.7284842       8.7106094       8.7106094       8.7284842
       8.7284842       8.7284842       8.7284842       8.7284842       8.7463598
       8.7463598       8.7284842       8.7284842       8.7463598       8.7463598
       8.7284842       8.7463598       8.7463598       8.7642336       8.7642336
       8.7642336       8.7642336       8.7642336       8.7642336       8.7642336
       8.7463598       8.7463598
       9.5864697       9.5864697       9.8367157       10.015464       10.015464
       10.104836       10.104836       10.104836       10.194210       10.194210
       10.158462       10.158462       10.265709       10.265709       10.104836
       10.104836       9.9975882       10.104836       10.051212       9.9260902
       10.086963       10.051212       10.051212       9.9975882       9.9975882
       9.9618387       9.7294683       9.4613466       8.9787302       8.9429808
       8.7642336       8.7642336       8.7642336       8.7642336       8.7642336
       8.7821083       8.7821083       8.7821083       8.7821083       8.7999830
       8.7284842       8.7463598       8.7284842       8.7284842       8.7106094
       8.7106094       8.7106094       8.7284842       8.7284842       8.7284842
       8.7284842       8.7106094       8.7284842       8.7284842       8.7463598
       8.7463598       8.7463598       8.7463598       8.7463598       8.7463598
       8.7642336       8.7642336       8.7642336       8.7642336       8.7642336
       8.7463598       8.7642336       8.7463598       8.7642336       8.7642336
       8.7463598       8.7463598       8.7284842       8.7284842       8.7463598
       8.7463598       8.7463598       8.7463598       8.7642336       8.7642336
       8.7642336       8.7642336       8.7642336       8.7463598       8.7463598
       8.7463598       8.7463598       8.7463598       8.7284842       8.7284842
       8.7106094       8.7106094       8.7284842       8.7284842       8.7284842
       8.7284842       8.7284842       8.7463598       8.7463598       8.7284842
       8.7284842       8.7463598       8.7463598       8.7284842       8.7284842
       8.7642336       8.7642336       8.7642336       8.7642336       8.7642336
       8.7642336       8.7642336       8.7642336       8.7463598       8.7463598
       8.7642336       8.7642336
       9.8367157       9.8367157       9.9975882       10.104836       10.104836
       10.104836       10.194210       10.194210       10.265709       10.265709
       10.265709       10.265709       10.104836       10.104836       10.104836
       10.069087       10.051212       9.9260902       9.9082146       9.9082146
       10.051212       9.9975882       9.9975882       9.8188410       9.8188410
       9.4613466       8.9787302       8.9429808       8.7642336       8.7642336
       8.7642336       8.7642336       8.7642336       8.7821083       8.7821083
       8.7821083       8.7821083       8.7999830       8.7284842       8.7463598
       8.7284842       8.7284842       8.7106094       8.7106094       8.7284842
       8.7284842       8.7284842       8.7284842       8.7284842       8.7106094
       8.7284842       8.7284842       8.7463598       8.7463598       8.7463598
       8.7463598       8.7463598       8.7463598       8.7642336       8.7642336
       8.7642336       8.7642336       8.7642336       8.7642336       8.7642336
       8.7642336       8.7463598       8.7642336       8.7463598       8.7463598
       8.7284842       8.7284842       8.7463598       8.7463598       8.7463598
       8.7463598       8.7642336       8.7642336       8.7642336       8.7642336
       8.7642336       8.7463598       8.7463598       8.7463598       8.7463598
       8.7463598       8.7284842       8.7284842       8.7106094       8.7106094
       8.7284842       8.7284842       8.7284842       8.7284842       8.7284842
       8.7463598       8.7463598       8.7284842       8.7284842       8.7463598
       8.7463598       8.7284842       8.7284842       8.7642336       8.7642336
       8.7463598       8.7642336       8.7642336       8.7642336       8.7642336
       8.7642336       8.7463598       8.7463598       8.7642336       8.7642336
       8.7463598       8.7463598
       9.9975882       9.9975882       10.033338       10.104836       10.194210
       10.194210       10.265709       10.265709       10.426581       10.426581
       10.104836       10.104836       10.069087       10.104836       9.9260902
       9.9797134       9.9082146       9.9082146       9.9439650       9.9439650
       9.9975882       9.8188410       9.8188410       9.4613466       9.3183489
       8.9429808       8.7642336       8.7642336       8.7642336       8.7642336
       8.7642336       8.7821083       8.7821083       8.7821083       8.7821083
       8.7999830       8.7284842       8.7463598       8.7284842       8.7284842
       8.7106094       8.7106094       8.7284842       8.7284842       8.7284842
       8.7284842       8.7284842       8.7106094       8.7284842       8.7284842
       8.7463598       8.7463598       8.7463598       8.7463598       8.7463598
       8.7463598       8.7642336       8.7642336       8.7642336       8.7642336
       8.7642336       8.7642336       8.7642336       8.7463598       8.7463598
       8.7463598       8.7463598       8.7463598       8.7284842       8.7284842
       8.7463598       8.7463598       8.7463598       8.7463598       8.7642336
       8.7642336       8.7642336       8.7642336       8.7642336       8.7463598
       8.7463598       8.7463598       8.7463598       8.7463598       8.7463598
       8.7106094       8.7106094       8.7106094       8.7284842       8.7284842
       8.7284842       8.7284842       8.7284842       8.7463598       8.7463598
       8.7284842       8.7284842       8.7463598       8.7463598       8.7284842
       8.7284842       8.7642336       8.7642336       8.7463598       8.7463598
       8.7642336       8.7642336       8.7642336       8.7642336       8.7463598
       8.7463598       8.7642336       8.7642336       8.7463598       8.7463598
       8.7463598       8.7463598
       9.9975882       10.033338       10.033338       10.194210       10.194210
       10.265709       10.265709       10.426581       10.426581       10.176335
       10.104836       10.069087       10.104836       9.9797134       9.9082146
       9.9260902       9.9082146       9.9439650       9.9439650       10.140586
       9.8188410       9.8188410       9.4613466       9.3183489       8.9429808
       8.7642336       8.7642336       8.7642336       8.7642336       8.7642336
       8.7821083       8.7821083       8.7821083       8.7821083       8.7999830
       8.7284842       8.7463598       8.7284842       8.7284842       8.7106094
       8.7106094       8.7284842       8.7284842       8.7284842       8.7284842
       8.7284842       8.7106094       8.7284842       8.7284842       8.7463598
       8.7463598       8.7463598       8.7463598       8.7463598       8.7463598
       8.7642336       8.7642336       8.7642336       8.7642336       8.7642336
       8.7642336       8.7642336       8.7463598       8.7463598       8.7463598
       8.7463598       8.7463598       8.7284842       8.7284842       8.7463598
       8.7463598       8.7463598       8.7463598       8.7642336       8.7642336
       8.7642336       8.7642336       8.7642336       8.7463598       8.7463598
       8.7463598       8.7463598       8.7463598       8.7463598       8.7106094
       8.7106094       8.7106094       8.7284842       8.7284842       8.7284842
       8.7284842       8.7284842       8.7463598       8.7463598       8.7284842
       8.7284842       8.7463598       8.7463598       8.7284842       8.7284842
       8.7642336       8.7642336       8.7463598       8.7463598       8.7642336
       8.7642336       8.7642336       8.7642336       8.7463598       8.7463598
       8.7642336       8.7642336       8.7463598       8.7463598       8.7463598
       8.7463598       8.7284842
       10.104836       10.069087       10.104836       10.051212       9.9260902
       9.9082146       9.9082146       9.9439650       9.9439650       10.140586
       9.9975882       9.9975882       9.8188410       9.8188410       8.9787302
       9.4613466       8.9429808       8.7642336       8.7642336       8.7642336
       8.7106094       8.7106094       8.7284842       8.7284842       8.7284842
       8.7284842       8.7284842       8.7106094       8.7284842       8.7284842
       8.7463598       8.7463598       8.7463598       8.7463598       8.7463598
       8.7463598       8.7642336       8.7642336       8.7642336       8.7642336
       8.7642336       8.7642336       8.7642336       8.7463598       8.7642336
       8.7463598       8.7463598       8.7463598       8.7284842       8.7284842
       8.7463598       8.7463598       8.7463598       8.7463598       8.7642336
       8.7642336       8.7642336       8.7642336       8.7642336       8.7463598
       8.7463598       8.7463598       8.7463598       8.7463598       8.7463598
       8.7106094       8.7106094       8.7106094       8.7284842       8.7284842
       8.7284842       8.7284842       8.7284842       8.7463598       8.7463598
       8.7284842       8.7284842       8.7463598       8.7463598       8.7284842
       8.7284842       8.7642336       8.7642336       8.7463598       8.7463598
       8.7642336       8.7642336       8.7642336       8.7642336       8.7463598
       8.7463598       8.7642336       8.7642336       8.7463598       8.7463598
       8.7463598       8.7463598       8.7284842       8.7284842       8.7463598
       8.7463598       8.7284842       8.7284842       8.7106094       8.7106094
       8.7284842       8.7284842       8.7106094       8.7106094       8.7106094
       8.7106094       8.7284842       8.7284842       8.7284842       8.7284842
       8.7284842       8.7284842
       10.069087       10.104836       9.9797134       9.9260902       9.9082146
       9.9082146       9.9439650       9.9439650       10.140586       10.140586
       9.9975882       9.8188410       9.8188410       9.4613466       8.9429808
       9.3183489       8.7642336       8.7642336       8.7642336       8.7642336
       8.7106094       8.7284842       8.7284842       8.7284842       8.7284842
       8.7284842       8.7106094       8.7284842       8.7284842       8.7463598
       8.7463598       8.7463598       8.7463598       8.7463598       8.7463598
       8.7642336       8.7642336       8.7642336       8.7642336       8.7642336
       8.7642336       8.7642336       8.7463598       8.7463598       8.7463598
       8.7463598       8.7463598       8.7284842       8.7284842       8.7463598
       8.7463598       8.7463598       8.7463598       8.7642336       8.7642336
       8.7642336       8.7642336       8.7642336       8.7463598       8.7463598
       8.7463598       8.7463598       8.7463598       8.7463598       8.7106094
       8.7106094       8.7106094       8.7284842       8.7284842       8.7284842
       8.7284842       8.7284842       8.7463598       8.7463598       8.7284842
       8.7284842       8.7463598       8.7463598       8.7284842       8.7284842
       8.7642336       8.7642336       8.7463598       8.7463598       8.7642336
       8.7642336       8.7642336       8.7642336       8.7463598       8.7463598
       8.7642336       8.7642336       8.7463598       8.7463598       8.7463598
       8.7463598       8.7284842       8.7284842       8.7463598       8.7463598
       8.7284842       8.7284842       8.7106094       8.7106094       8.7284842
       8.7284842       8.7106094       8.7106094       8.7106094       8.7106094
       8.7284842       8.7284842       8.7284842       8.7284842       8.7284842
       8.7284842       8.7463598
